0.9566433463557275
0.9566433463557275
0.9566433463557275
0.9566433463557275
0.9566433463557275
0.9566433463557275
0.9566433463557275
0.9567330559450267
0.9566433463557275
0.9566433463557275
0.9087554336435114
0.9562853147484452
0.9566433463557275
0.9566433463557275
0.9566433463557275
XXX
0.9566433463557275
0.9566410623633379
0.9566049540080376
0.9566433463557275
0.9566044559099713
0.9566044559099713
0.9566433463557275
0.9565540049167998
0.9566433463557275
0.9566433463557275
0.9565540049167998
0.9566433463557275
0.9566433463557275
0.9566433463557275
0.9566433463557275
0.9566433463557275
0.9566433463557275
0.9566433463557275
0.9566433463557275
0.9566433463557275
0.9566433463557275
0.9566433463557275
0.9566433463557275
0.9566433463557275
0.9566433463557275
0.9566433463557275
0.9555723736158979
0.9566433463557275
0.9566433463557275
0.9566433463557275
0.9566433463557275
0.9566433463557275
0.9566433463557275
0.226334716071382
0.9566433463557275
0.9566433463557275
0.9566433463557275
0.9566433463557275
0.9566433463557275
0.9566433463557275
0.9566433463557275
0.9566433463557275
