0.9577826834201815
0.9577826834201815
0.9577826834201815
0.9566433463557275
0.9566433463557275
0.9577826834201815
0.9566433463557275
0.9577826834201815
0.9577826834201815
0.9577826834201815
0.9577826834201815
0.9710799862176009
0.9710799862176009
0.9710799862176009
0.9710799862176009
0.9710799862176009
0.9710799862176009
0.9710799862176009
0.9710799862176009
0.9710799862176009
0.9710799862176009
1
1
1
1
1
0.9898876212444382
0.988570483983328
0.988570483983328
0.9710799862176009
0.988570483983328
0.988570483983328
0.988570483983328
0.9710799862176009
0.988790798423826
0.9710799862176009
0.9710799862176009
0.9710799862176009
0.9710799862176009
0.9710799862176009
0.9710799862176009
0.9710799862176009
0.9710799862176009
0.9710799862176009
0.9710799862176009
0.9710799862176009
0.9710799862176009
0.9710799862176009
