86648458		18008752		14489558		0		0		0		0		



87077392		16482608		14471298		0		0		0		0		
86557534		16096397		14383706		0		0		0		0		
54236444		27459100		12926966		0		0		0		0		
55635588		28213086		13128094		0		0		0		0		
87844126		16365879		14612046		0		0		0		0		
57850657		26621530		13676920		0		0		0		0		
14292868		3383962		3154118		0		0		0		0		
86134456		16950769		14357254		0		0		0		0		
86781276		16429821		14415522		0		0		0		0		
14401502		3340721		3149916		0		0		0		0		
1006201		627116		209629		145887		115758		142751		430171		124243		134154		66087		68614		213969		126665		16814		403291		7616		0		0		0		0		0		0		0		0		0		0		0		0		0		0		0		0		
1030897		504084		209769		136026		124271		144053		430402		127337		144977		67270		69979		214501		128870		17052		441308		8071		0		0		0		0		0		0		0		0		0		0		0		0		0		0		0		0		
1638		2229		1596		0		0		0		0		
1016925		621159		230580		124147		128898		149618		428085		122920		135468		70413		71603		215607		107191		16975		462276		8764		0		0		0		0		0		0		0		0		0		0		0		0		0		0		0		0		
1061389		621201		205583		153643		129920		144480		443520		104216		144382		68061		70357		218256		309855		16800		459704		8169		0		0		0		0		0		0		0		0		0		0		0		0		0		0		0		0		
991998		708798		209384		149576		137550		144872		433475		121135		146419		69370		69853		211806		303288		17948		311465		7504		0		0		0		0		0		0		0		0		0		0		0		0		0		0		0		0		
1025185		623819		210427		150472		132013		145257		428246		113281		147756		63810		70301		213108		142576		17514		423738		7063		0		0		0		0		0		0		0		0		0		0		0		0		0		0		0		0		
1015882		622335		209405		151431		128702		146594		429618		89905		146748		67228		69993		214879		146769		17108		402514		7091		0		0		0		0		0		0		0		0		0		0		0		0		0		0		0		0		
1161		1413		1725		0		0		0		0		
1716		2484		1872		0		0		0		0		
1764		2694		2256		0		0		0		0		
2040		2532		2412		0		0		0		0		
6197232		2139148		2065302		0		0		0		0		
715862		415870		268058		187446		121219		275338		828702		147434		166299		72583		77532		221886		71939		25081		499198		8814		0		0		0		0		0		0		0		0		0		0		0		0		0		0		0		0		
714497		368772		273245		181615		122752		233233		865291		149499		129451		72751		71463		225008		73283		17745		437542		8939		0		0		0		0		0		0		0		0		0		0		0		0		0		0		0		0		
1017961		621089		208404		154329		128233		145600		434091		121156		143192		68306		73024		211470		143122		17045		456813		7840		0		0		0		0		0		0		0		0		0		0		0		0		0		0		0		0		
716709		399105		274666		179956		122304		234528		804685		310163		131999		73304		73675		225757		395647		19005		819567		10073		0		0		0		0		0		0		0		0		0		0		0		0		0		0		0		0		
717472		414897		265552		180579		154399		232337		796950		154784		129206		71232		70350		223944		74529		18480		629755		10269		0		0		0		0		0		0		0		0		0		0		0		0		0		0		0		0		
713601		394387		264502		179382		128065		233919		798077		156807		129269		73843		71288		226037		83321		18753		468643		8848		0		0		0		0		0		0		0		0		0		0		0		0		0		0		0		0		
932640		615979		211764		147091		126385		144249		431662		117621		146321		94892		70140		212905		294413		17801		409255		7511		0		0		0		0		0		0		0		0		0		0		0		0		0		0		0		0		
742380		389502		245170		170878		113551		295589		851046		552582		129591		76223		90912		234252		77364		17895		260638		8722		0		0		0		0		0		0		0		0		0		0		0		0		0		0		0		0		
1162224		844144		246267		153069		139132		160335		369369		259868		153034		70952		69615		237034		231007		16674		403109		7007		0		0		0		0		0		0		0		0		0		0		0		0		0		0		0		0		
1180179		841260		229565		154889		135625		148904		372295		149541		157311		74991		70322		223930		328930		20384		225785		6888		0		0		0		0		0		0		0		0		0		0		0		0		0		0		0		0		
1160390		842415		208369		154322		132902		145348		409913		111671		154056		67977		75334		241584		316085		15362		227346		7679		0		0		0		0		0		0		0		0		0		0		0		0		0		0		0		0		
1168433		842471		228851		155561		142569		158606		407694		133742		155939		76405		72954		234150		388311		18431		376929		31684		0		0		0		0		0		0		0		0		0		0		0		0		0		0		0		0		
1165269		841974		217070		156177		133805		165809		403011		129717		155176		64126		70014		230629		324324		17682		403044		7084		0		0		0		0		0		0		0		0		0		0		0		0		0		0		0		0		
1081674		949396		225764		160055		148841		176540		401681		110922		153622		68194		75320		244958		113680		18466		432194		7147		0		0		0		0		0		0		0		0		0		0		0		0		0		0		0		0		
1189489		861574		230419		161238		152551		166614		401191		113729		154588		68691		69489		241171		292446		18018		226548		7931		0		0		0		0		0		0		0		0		0		0		0		0		0		0		0		0		
1179192		838726		208859		155155		146867		169001		398293		110663		153930		70966		71106		189559		377790		19103		321251		7238		0		0		0		0		0		0		0		0		0		0		0		0		0		0		0		0		
1168867		841267		230748		218505		148442		171661		401849		114702		151522		68194		78169		242235		112007		18704		384874		7518		0		0		0		0		0		0		0		0		0		0		0		0		0		0		0		0		
1152494		850066		222285		157311		140728		151529		394184		109410		185157		70541		69783		229117		241395		17864		400309		8106		0		0		0		0		0		0		0		0		0		0		0		0		0		0		0		0		
1161944		842555		223482		154140		150101		166824		406980		112651		154777		68096		70784		227066		322917		16206		224007		6930		0		0		0		0		0		0		0		0		0		0		0		0		0		0		0		0		
1162707		783438		228802		155589		133091		162617		402388		111706		153461		70979		69923		209682		139272		19796		415848		7161		0		0		0		0		0		0		0		0		0		0		0		0		0		0		0		0		
1170505		843465		231623		168287		136094		158522		398307		120561		152264		69678		70896		225554		237951		14409		302897		7259		0		0		0		0		0		0		0		0		0		0		0		0		0		0		0		0		
