43935319001		6740775177		48968638261		958		1014		832		1110		



44764980159		7228215697		50142305666		750		726		1032		984		
44683567739		6771166480		49696495603		718		814		1012		904		
21538959349		3204562475		23911055523		840		832		776		828		
21235502675		3202819494		23620198315		776		742		762		742		
44753596719		6802700476		49826101555		824		818		1068		1030		
22467721221		3313505135		24921920580		802		822		708		770		
23456686355		3454693588		26119060185		682		686		1106		1256		
44614169103		6970614029		49823111149		1314		718		1028		986		
44807720811		6842144143		49891017237		854		792		822		1090		
23657378821		3441598084		26313087935		810		664		1404		1566		
4889465		4032910		3386047		4083135		3310789		2230193		11417		2569819		11808		1394274		1454782		13286		14147		14378		14350		14868		11767		12285		61348		13132		11998		13097		12824		13111		14763		13993		15526		60669		13951		15687		9670		12698		
5219417		5354535		3267747		4807578		3156538		2209354		12705		2451792		11711		897918		1222046		11746		14322		13601		15960		14063		12719		12166		14616		12005		13153		12404		12467		12313		13979		11207		25466		12481		14504		13804		11662		12600		
473900		378578		206857		1296		1519		1393		1393		
5188533		4268397		3680131		5142025		3498110		3250464		13993		2391039		12000		1174138		1315573		12957		13741		12222		13560		10766		12327		12635		11473		11599		12936		11319		11256		10500		14168		11935		29239		12922		13300		39424		13615		11669		
5477934		4419940		3225523		4537274		3242211		2240196		159019		2478385		12880		1098895		1493856		11802		13538		13706		13090		55685		13769		16128		14910		11158		13614		14700		11438		12166		14462		9586		19299		13069		16058		12418		14140		9821		
5335008		4293103		3185567		4497507		2896152		2356998		13489		2467696		12572		1098629		845474		12908		12282		11956		12712		11382		13279		15449		17927		11851		13860		10182		12348		12614		21245		34902		13958		11872		19082		20664		39662		11144		
5531827		4325188		3667048		4621540		3268979		2376339		14525		2722951		18564		1770462		1552257		12572		15526		13517		15890		13209		13069		12453		22260		13972		14217		12579		16625		13188		15533		15050		21210		14854		21938		14700		15764		11676		
5427877		4477732		3349857		4573926		3131100		2303574		13818		3184706		17640		1131305		1282526		11221		15981		14812		14959		13174		13125		12159		22113		11886		15365		11662		16121		14140		15722		14637		22869		12866		25886		13454		14315		10598		
102284400		86197311		465095787		696		1246		662		786		
20734620		30606678		35207310		1140		1146		1002		1266		
20800026		29629265		34481226		1224		1200		1098		1140		
22009332		31039960		35395134		1242		1152		1128		1164		
27069047832		3716058431		30702823387		860		862		1012		1808		
4499432		5368643		2564387		3127019		1792427		1421560		13202		2580900		13496		413434		2851366		12222		13496		13013		14609		12162		16429		11725		13874		14728		14161		10633		13699		12054		14448		20664		97202		111545		87282		89971		14175		13146		
4212187		4892382		2494646		3166443		1467067		1427629		13972		3223318		12565		1493184		2420950		13293		67305		15358		13104		13776		140679		10689		127771		120498		12005		12948		14973		13146		19985		150808		13174		102893		66968		145341		128072		14280		
5499354		4757011		3432303		4575067		3752959		2443476		13776		2572696		16667		1230509		1740473		14168		13734		13174		14007		10941		13293		13216		17878		11984		14749		16093		12635		10136		13139		10353		13048		50890		18305		12628		12789		8435		
4484697		5332495		2622858		2770621		1330868		1331197		15757		2880689		13342		852754		2219539		11459		12663		80556		13615		76818		59493		103572		135884		12880		13055		11652		13223		139832		147238		171668		92477		15624		58386		121324		102872		11305		
4679654		4811443		2409589		3029880		1519140		1168867		12985		2808841		13398		741258		2630943		74364		171234		12495		12838		42063		119105		75124		116298		105595		12691		12425		12859		127337		98483		100375		100828		89397		15183		149870		23121		98434		
4394789		4623416		2370298		2723196		1517054		1255121		12670		2816807		14000		463463		2477349		13804		104993		43505		15092		11830		246400		137676		18389		11396		12236		11704		15141		9872		95571		103866		116165		91896		14553		27804		31899		112931		
5749392		4587058		3437560		4642736		3416931		2307991		21518		2708265		16793		1419866		1638525		12348		16954		15519		15925		12047		13069		12341		22351		11277		12593		11598		14574		11116		15337		50498		20454		13510		20496		75915		16457		11228		
29492857		30072102		28177137		28168823		26040204		2996686		25382793		2480532		13209		796439		27139114		1698456		1861062		27666867		2637887		12733		19649		11305		88893		103432		71547		24561114		182217		13510		8709		98014		14889		15428		24615936		85617		12669		93912		
3463369		2977324		3176698		2674945		2504264		1825187		346717		1728363		11620		1149309		890680		16324		12824		13782		18375		12593		12313		71925		113498		131327		18011		17412		91560		56203		161805		183022		180511		13202		133350		13720		11664		17255		
4249399		2682435		2840642		2866346		2997092		1498119		83552		2039807		30562		1014370		927801		13391		15085		13930		12537		14616		13965		12334		112581		14460		12383		11816		116886		12187		145376		56679		16723		158858		16051		133693		115500		13237		
4051817		2943353		3037090		3004568		2729412		1295378		64918		2313164		14455		764253		632905		13510		15547		52071		15743		12320		14812		12719		17416		11382		20531		11648		74760		76930		189070		199199		18774		9310		81165		131943		73969		11592		
3429118		2349683		3223752		3151246		2854159		1767759		13223		2273383		13167		966917		518602		12586		18207		13965		15113		13014		12845		88186		13944		107898		15778		10464		15680		12579		140560		28210		26208		20433		15204		99442		159181		10745		
3318427		2243941		2249716		2548448		2301117		1351434		17129		1961911		13286		1313666		1049258		12677		14623		13657		14778		12614		13314		12271		12803		108164		14028		85869		15533		52311		16821		13601		123158		110551		69440		27874		87668		12180		
3911880		2472694		3113201		2875831		1986040		1341438		26180		2246377		12600		1147713		552083		13167		12530		11774		14315		11172		14350		15463		15967		11333		22407		14808		16989		11977		172865		163961		14742		16373		16653		13377		157696		13832		
3357319		2117528		2983834		2747899		2207674		1440376		11389		1988959		13020		772961		638134		13230		15246		14084		12523		12565		13580		12348		218078		10689		15771		11599		97104		10525		14889		112735		13797		152215		13342		84798		15596		11312		
3591973		2575587		2570701		2918902		2523311		1142260		245084		2155363		12005		1110039		910833		10618		17052		62594		15113		17829		13139		14301		18172		92204		14378		11354		61789		28700		16142		83223		165221		123088		15148		137165		13419		12306		
3807643		2406922		2633239		2878862		2152297		1461810		11606		2367645		12950		616588		414400		12992		13370		57820		16198		11697		12565		73836		102354		97664		14266		17136		14518		50715		10635		13160		233429		20062		98861		173607		13860		13629		
3298848		2423862		2173206		2660147		1907311		913192		12439		1785945		11333		620254		564046		11928		12817		36918		14441		73423		13909		73836		94164		114254		14469		12390		16212		12117		112784		121128		127841		129388		105140		106925		137599		11130		
3146423		2303819		2487191		3059112		2229150		1262597		12523		2206561		13482		672525		631456		12180		14588		53442		14350		12551		13972		12691		180922		12488		14140		12096		14903		65670		241297		11473		230223		104965		24157		211407		15099		13678		
3787406		3303288		2542435		3200057		2339393		1147587		11025		2278416		11683		680138		492121		14340		11494		54348		11082		53039		11256		124860		207767		14378		125944		12480		159509		10722		119028		95480		187089		67284		204832		11781		90790		13265		
3798340		2756810		2390717		2805782		2361548		1257704		123907		1817249		13034		627984		708939		12467		13853		11794		14980		32746		12950		12159		156905		11746		14861		11970		116389		11550		172858		23527		171794		11515		88396		19782		113120		13800		
