7063915832		558822805		2028252088		984969712		7309999982		10209890755		50997785311		



7507862979		546877073		2126954607		944098711		7774836342		10295659513		52271464286		
7100267456		560372154		2084877924		973805014		7331542917		10057591813		51782217040		
3367248807		307585432		1006064638		490330894		3503298784		4673038405		24900886648		
3372571015		316861708		998830518		505413642		3511050761		4940992110		24602886495		
7111772590		547104596		2037026412		983250921		7349466241		10187505244		51863199546		
3457176720		304094468		1013333318		500775863		3608438824		4560715356		25918555363		
3738619131		325470034		1076927159		542999151		3780040554		5252499054		27196384305		
7316639181		569323961		2103290609		1030644638		7541174075		10602069277		51928956423		
7180307041		559749085		2094930999		984525067		7401959817		10270535614		51986491441		
3728829051		338961898		1073960986		536151632		3780034402		5359679380		27387562906		
7504161		7698621		6352934		7231476		7131397		7131607		8550171		6207453		10836629		8332282		8317540		8491014		7647199		7458780		7258048		7090258		7979930		8579340		5712826		4559149		8776964		8789914		5475848		6279931		4748891		4428060		4678548		4174170		4931703		4519718		3568394		6254829		
8167621		7550916		7213192		7786573		7900613		7920941		9475515		7054453		11981333		9507134		9314872		9441908		8384292		8377278		8234401		8170442		9020081		9472652		6341062		5650771		9654841		10035375		6800262		7430983		5901763		5627398		5766684		5482785		6099310		5914489		5323346		7098469		
517020		670180		935606		1170888		995323		999026		1157625		
5737970		6036415		4742367		4795496		5472285		4851560		7034426		4886756		9393088		7242459		7083993		7386309		6272560		6292412		5663298		6032481		6844824		7610435		4402895		3479525		7725102		7860664		4520019		5174113		3769528		3589866		3592869		3404471		3960271		3748906		3351915		4729634		
6172047		6726223		5196611		5977902		6042344		5740609		7566300		5307806		10169726		7485569		7544362		7267723		6827429		6481020		6623715		6420309		7259483		7822843		4735843		3672186		7830037		8161650		4768680		5483562		3953740		3119795		3768800		3584616		4174205		3722390		3413256		5044172		
7814947		8103431		6813170		7577521		7458801		7284223		8914934		6366220		11475394		8842155		8664789		8945202		7686912		7741811		7674485		7613599		8406629		9018016		6092758		5058760		9252026		8995582		6106520		6813212		5321897		5010565		5204304		4789736		5501566		5082616		4792347		6698433		
6492836		7020755		5501559		6449982		6528312		6461350		8001875		5339215		10405927		7522044		7711522		7973105		7153951		6966764		6770792		6675354		7586705		8248884		5187873		4220923		8496236		8673693		5189569		5979561		4365368		4083318		4196164		4048702		4646628		4344676		3839367		5361265		
7061838		7427315		6142066		6814318		6760999		6696452		8308762		5263371		10896347		8191820		8114225		8357496		7334803		7210476		7131250		6997767		7934206		8645483		5461064		4446820		8707363		8838557		5506949		6251049		4742003		4430244		4762632		4288403		5023347		4682832		4241258		5895897		
2085814843		1307114967		1723264554		1393241681		1249018722		1586546367		2188500246		
48340498		23960963		34065881		32934254		54454319		50776239		69398071		
43116989		20703788		29499655		29887178		50131250		46748448		64142087		
42744294		19909036		29440625		29825198		50744512		46772179		64940214		
4543305372		266589999		910424183		421390662		3980463037		6830788831		31612272912		
6367305		5088363		6211464		6917379		7612738		5899460		7501263		3768051		9299178		6975962		6073683		6564740		6494320		5950077		5349141		5816898		5798800		7017430		3615164		2691388		6884353		8272670		5028982		5316122		3340799		2755396		3575397		2646924		4421018		2968343		2450518		3126382		
5819107		4711350		5785451		6153413		6967016		5169563		7024969		3038798		8921486		5833471		5339474		5947893		5724362		5213187		5020533		4980255		5306987		6175449		2899631		1730043		6199067		6988380		3932334		4634980		2388204		1992606		2996140		2072966		3356864		2349214		1748278		1568532		
6511092		6599607		5588793		6413743		6290158		6262753		7883302		5527620		10469690		7838964		7686721		8011325		7002989		6838048		6644064		6611542		7446936		8036427		4984693		3955014		8258754		8662612		5060881		5650421		4220307		3724686		4121264		3827789		4495652		4074350		3562965		5024617		
5977832		4769254		5834780		6891682		7180740		5588674		7299075		3308004		9138836		6210183		5542075		6230686		5655328		5423656		5171467		5172188		5373781		6068342		2838227		1596385		6115053		6953142		3888052		4410938		2119166		1720852		2667875		1882993		3783591		2220617		1549989		2370382		
5539401		4977945		5634657		6355958		6812575		5222700		6858649		2638489		8865038		5976985		5128284		5627312		5282445		4951562		4662805		4767469		5026245		6073144		2582811		1634549		5950644		7140917		3928582		4330032		1938125		1503116		2363354		2131962		3373370		2427054		1398600		2951739		
6980862		6338696		7000070		7940450		8185170		6543278		8240484		3967180		10239509		7759213		6814192		7280287		7038213		6647907		6133218		6281590		6764303		7339094		4109812		2910432		7586978		8839215		5184914		6067155		3563287		2937704		3929765		3281936		5075756		3162873		2873157		4134788		
5830125		6361292		5185089		5983355		6024417		6023031		7425817		5111659		10090164		7343294		7213710		7564410		6528389		6315400		6337849		6128885		7085316		7601797		4457180		3322984		7871101		7924638		4464131		5142655		3795358		3328759		3592120		3336228		3776584		3522925		3134229		5057682		
6434974		5363890		6659002		7105896		7874510		6083882		8267182		3688872		34778247		7389459		6294127		7022117		6638128		5566500		5521775		5993204		5891760		6880685		3460422		2521645		7138264		8259539		4635099		5077891		410442		2669646		424374		3116974		587412		3039407		269889		3954951		
5840793		5451495		3610509		5368048		5051823		5386500		6318046		4494105		7504833		5765081		6093283		6371267		5804421		5497788		5641195		5492711		5636039		6397937		3924970		3581305		6272882		6423283		4384016		5066103		3571274		3404877		3414008		3374427		3917172		3480330		3145719		1239952		
3603775		4182486		1864058		3679417		3470082		4277630		5236147		3037510		6030038		4559044		4965520		4886908		4389525		4110036		4412611		4055891		4432624		5026133		2486379		1937044		4742122		4943533		2449013		3553081		1949997		1687035		1993992		1767346		2169258		1638441		1463553		2107903		
3915548		4094874		3036558		3623935		3591882		4312791		5348539		3137848		6190212		4775841		5144412		4872924		4350927		4057907		4446638		4224416		4641294		4957827		2570554		2141076		4645592		5068651		3040639		3498096		2119187		1899555		2118207		1663676		2759995		2030672		1689450		1387533		
4272870		4424784		2469845		3234364		3060449		3860752		5104869		2595761		5962957		4295669		4912313		4913167		4088448		3897621		4001515		3792084		4382217		4667943		2210453		1702918		4564434		4605639		2670570		3204390		1627458		1400700		1709176		1754515		2137902		1703821		1234158		1927947		
4371507		4547522		3745357		3869299		3962238		4201148		5077044		3117695		5960955		3939674		4592364		4770521		4186875		3980004		4100372		3908996		4386907		4797037		2600626		2104704		4669210		5030382		2678270		3056326		2062746		1842890		1943998		1825824		2403940		1941590		1603259		3235092		
5000220		5383343		1781766		4553066		4798171		5194910		6173797		3953866		7226205		5346600		5911892		5858440		5460350		4864706		5153897		5160316		5690902		5757822		3650479		2887864		5662195		5615617		3930157		4530372		2847964		2727907		3016048		3132339		3523821		2919299		2499938		2315677		
5820941		6203351		4260361		5179727		5215259		5721576		6556816		4591153		7481502		5970202		6321742		6417593		5585011		5510834		5775420		5583053		5705770		6251602		4080748		3489388		6081600		6183835		3982895		4512108		3314535		3597874		3581256		3313772		4073818		3553330		3033436		4089960		
3831667		3985646		2799027		3261867		3188808		3682931		4540123		2569770		5689208		4063675		4319840		4238284		3852289		3442355		3845758		3532494		4076779		4401971		2170763		1590561		4445469		4499656		2683772		3091123		1532608		1337343		1556499		1612499		2081933		1464673		1333983		1881796		
8468669		8962646		7784541		8096326		8083194		8605891		9417891		7151998		10363528		9051140		9245635		9345490		8625358		8359939		8294629		8314950		8801548		9158555		6844103		6291621		8861594		9084537		7350677		7684523		5815542		5981682		6095103		5995976		6375768		5969936		5570341		2097837		
4006303		3999982		3148390		3312777		3448179		3913630		4669238		2940959		5512332		4321135		4470102		4188240		3767778		3627337		3587654		3530254		4116791		4391625		2253167		1642627		4004539		4262279		2406978		2821693		1684942		1412152		1588727		1478057		1681015		1393252		1251383		2866500		
6459845		6433714		5090351		5312762		5498171		6041812		6911233		4694249		7938784		6374704		6616393		6677818		5983229		5717193		6032201		5848318		6433490		6683250		4296495		3791095		6253471		6714239		4373026		5120451		3847242		3723048		3792131		3713493		4355813		3652054		3334898		4959542		
5816412		5441889		5128564		5275424		5422025		6250433		7000378		4689174		7953981		6706259		6844096		6791155		6238134		6103342		5947453		5982690		6509370		6739499		4002467		3530933		6527514		6664294		4379830		5344792		3410141		3424855		3460772		3265780		3356863		3296223		3035389		4316599		
3769402		3920042		3130427		3268963		3383622		3928218		4607707		2663192		5689460		4486230		4540203		4370142		4010356		3310593		3953815		3841572		4180547		4345590		2317292		1799420		4273064		4716201		2433024		3124310		1871371		1723449		1872157		1765959		2254936		2013379		1425401		1631352		
